0	10001
0.2	10000.9998
0.4	10000.9996
0.6	10000.9994
0.8	10000.9992
1	10000.999
1.2	10000.9988
1.4	10000.9986
1.6	10000.9984
1.8	10000.9982
2	10000.998
2.2	10000.9978
2.4	10000.9976
2.6	10000.9974
2.8	10000.9972
3	10000.997
3.2	10000.99681
3.4	10000.99661
3.6	10000.99641
3.8	10000.99621
4	10000.99601
4.2	10000.99581
4.4	10000.99561
4.6	10000.99541
4.8	10000.99521
5	10000.99501
5.2	10000.99481
5.4	10000.99461
5.6	10000.99442
5.8	10000.99422
6	10000.99402
6.2	10000.99382
6.4	10000.99362
6.6	10000.99342
6.8	10000.99322
7	10000.99302
7.2	10000.99283
7.4	10000.99263
7.6	10000.99243
7.8	10000.99223
8	10000.99203
8.2	10000.99183
8.4	10000.99164
8.6	10000.99144
8.8	10000.99124
9	10000.99104
9.2	10000.99084
9.4	10000.99064
9.6	10000.99045
9.8	10000.99025
10	10000.99005
10.2	10000.98985
10.4	10000.98965
10.6	10000.98946
10.8	10000.98926
11	10000.98906
11.2	10000.98886
11.4	10000.98866
11.6	10000.98847
11.8	10000.98827
12	10000.98807
12.2	10000.98787
12.4	10000.98768
12.6	10000.98748
12.8	10000.98728
13	10000.98708
13.2	10000.98689
13.4	10000.98669
13.6	10000.98649
13.8	10000.98629
14	10000.9861
14.2	10000.9859
14.4	10000.9857
14.6	10000.98551
14.8	10000.98531
15	10000.98511
15.2	10000.98491
15.4	10000.98472
15.6	10000.98452
15.8	10000.98432
16	10000.98413
16.2	10000.98393
16.4	10000.98373
16.6	10000.98354
16.8	10000.98334
17	10000.98314
17.2	10000.98295
17.4	10000.98275
17.6	10000.98255
17.8	10000.98236
18	10000.98216
18.2	10000.98196
18.4	10000.98177
18.6	10000.98157
18.8	10000.98138
19	10000.98118
19.2	10000.98098
19.4	10000.98079
19.6	10000.98059
19.8	10000.98039
20	10000.9802
20.2	10000.98
20.4	10000.97981
20.6	10000.97961
20.8	10000.97941
21	10000.97922
21.2	10000.97902
21.4	10000.97883
21.6	10000.97863
21.8	10000.97844
22	10000.97824
22.2	10000.97804
22.4	10000.97785
22.6	10000.97765
22.8	10000.97746
23	10000.97726
23.2	10000.97707
23.4	10000.97687
23.6	10000.97668
23.8	10000.97648
24	10000.97629
24.2	10000.97609
24.4	10000.9759
24.6	10000.9757
24.8	10000.9755
25	10000.97531
25.2	10000.97511
25.4	10000.97492
25.6	10000.97472
25.8	10000.97453
26	10000.97434
26.2	10000.97414
26.4	10000.97395
26.6	10000.97375
26.8	10000.97356
27	10000.97336
27.2	10000.97317
27.4	10000.97297
27.6	10000.97278
27.8	10000.97258
28	10000.97239
28.2	10000.97219
28.4	10000.972
28.6	10000.97181
28.8	10000.97161
29	10000.97142
29.2	10000.97122
29.4	10000.97103
29.6	10000.97083
29.8	10000.97064
30	10000.97045
30.2	10000.97025
30.4	10000.97006
30.6	10000.96986
30.8	10000.96967
31	10000.96948
31.2	10000.96928
31.4	10000.96909
31.6	10000.96889
31.8	10000.9687
32	10000.96851
32.2	10000.96831
32.4	10000.96812
32.6	10000.96793
32.8	10000.96773
33	10000.96754
33.2	10000.96735
33.4	10000.96715
33.6	10000.96696
33.8	10000.96676
34	10000.96657
34.2	10000.96638
34.4	10000.96618
34.6	10000.96599
34.8	10000.9658
35	10000.96561
35.2	10000.96541
35.4	10000.96522
35.6	10000.96503
35.8	10000.96483
36	10000.96464
36.2	10000.96445
36.4	10000.96425
36.6	10000.96406
36.8	10000.96387
37	10000.96368
37.2	10000.96348
37.4	10000.96329
37.6	10000.9631
37.8	10000.96291
38	10000.96271
38.2	10000.96252
38.4	10000.96233
38.6	10000.96214
38.8	10000.96194
39	10000.96175
39.2	10000.96156
39.4	10000.96137
39.6	10000.96117
39.8	10000.96098
40	10000.96079
40.2	10000.9606
40.4	10000.96041
40.6	10000.96021
40.8	10000.96002
41	10000.95983
41.2	10000.95964
41.4	10000.95945
41.6	10000.95925
41.8	10000.95906
42	10000.95887
42.2	10000.95868
42.4	10000.95849
42.6	10000.95829
42.8	10000.9581
43	10000.95791
43.2	10000.95772
43.4	10000.95753
43.6	10000.95734
43.8	10000.95715
44	10000.95695
44.2	10000.95676
44.4	10000.95657
44.6	10000.95638
44.8	10000.95619
45	10000.956
45.2	10000.95581
45.4	10000.95562
45.6	10000.95542
45.8	10000.95523
46	10000.95504
46.2	10000.95485
46.4	10000.95466
46.6	10000.95447
46.8	10000.95428
47	10000.95409
47.2	10000.9539
47.4	10000.95371
47.6	10000.95352
47.8	10000.95332
48	10000.95313
48.2	10000.95294
48.4	10000.95275
48.6	10000.95256
48.8	10000.95237
49	10000.95218
49.2	10000.95199
49.4	10000.9518
49.6	10000.95161
49.8	10000.95142
50	10000.95123
50.2	10000.95104
50.4	10000.95085
50.6	10000.95066
50.8	10000.95047
51	10000.95028
51.2	10000.95009
51.4	10000.9499
51.6	10000.94971
51.8	10000.94952
52	10000.94933
52.2	10000.94914
52.4	10000.94895
52.6	10000.94876
52.8	10000.94857
53	10000.94838
53.2	10000.94819
53.4	10000.948
53.6	10000.94781
53.8	10000.94762
54	10000.94743
54.2	10000.94724
54.4	10000.94705
54.6	10000.94686
54.8	10000.94667
55	10000.94649
55.2	10000.9463
55.4	10000.94611
55.6	10000.94592
55.8	10000.94573
56	10000.94554
56.2	10000.94535
56.4	10000.94516
56.6	10000.94497
56.8	10000.94478
57	10000.94459
57.2	10000.94441
57.4	10000.94422
57.6	10000.94403
57.8	10000.94384
58	10000.94365
58.2	10000.94346
58.4	10000.94327
58.6	10000.94308
58.8	10000.9429
59	10000.94271
59.2	10000.94252
59.4	10000.94233
59.6	10000.94214
59.8	10000.94195
60	10000.94176
60.2	10000.94158
60.4	10000.94139
60.6	10000.9412
60.8	10000.94101
61	10000.94082
61.2	10000.94064
61.4	10000.94045
61.6	10000.94026
61.8	10000.94007
62	10000.93988
62.2	10000.93969
62.4	10000.93951
62.6	10000.93932
62.8	10000.93913
63	10000.93894
63.2	10000.93876
63.4	10000.93857
63.6	10000.93838
63.8	10000.93819
64	10000.938
64.2	10000.93782
64.4	10000.93763
64.6	10000.93744
64.8	10000.93725
65	10000.93707
65.2	10000.93688
65.4	10000.93669
65.6	10000.93651
65.8	10000.93632
66	10000.93613
66.2	10000.93594
66.4	10000.93576
66.6	10000.93557
66.8	10000.93538
67	10000.9352
67.2	10000.93501
67.4	10000.93482
67.6	10000.93463
67.8	10000.93445
68	10000.93426
68.2	10000.93407
68.4	10000.93389
68.6	10000.9337
68.8	10000.93351
69	10000.93333
69.2	10000.93314
69.4	10000.93295
69.6	10000.93277
69.8	10000.93258
70	10000.93239
70.2	10000.93221
70.4	10000.93202
70.6	10000.93183
70.8	10000.93165
71	10000.93146
71.2	10000.93128
71.4	10000.93109
71.6	10000.9309
71.8	10000.93072
72	10000.93053
72.2	10000.93034
72.4	10000.93016
72.6	10000.92997
72.8	10000.92979
73	10000.9296
73.2	10000.92941
73.4	10000.92923
73.6	10000.92904
73.8	10000.92886
74	10000.92867
74.2	10000.92849
74.4	10000.9283
74.6	10000.92811
74.8	10000.92793
75	10000.92774
75.2	10000.92756
75.4	10000.92737
75.6	10000.92719
75.8	10000.927
76	10000.92682
76.2	10000.92663
76.4	10000.92645
76.6	10000.92626
76.8	10000.92608
77	10000.92589
77.2	10000.9257
77.4	10000.92552
77.6	10000.92533
77.8	10000.92515
78	10000.92496
78.2	10000.92478
78.4	10000.92459
78.6	10000.92441
78.8	10000.92422
79	10000.92404
79.2	10000.92386
79.4	10000.92367
79.6	10000.92349
79.8	10000.9233
80	10000.92312
80.2	10000.92293
80.4	10000.92275
80.6	10000.92256
80.8	10000.92238
81	10000.92219
81.2	10000.92201
81.4	10000.92182
81.6	10000.92164
81.8	10000.92146
82	10000.92127
82.2	10000.92109
82.4	10000.9209
82.6	10000.92072
82.8	10000.92054
83	10000.92035
83.2	10000.92017
83.4	10000.91998
83.6	10000.9198
83.8	10000.91962
84	10000.91943
84.2	10000.91925
84.4	10000.91906
84.6	10000.91888
84.8	10000.9187
85	10000.91851
85.2	10000.91833
85.4	10000.91814
85.6	10000.91796
85.8	10000.91778
86	10000.91759
86.2	10000.91741
86.4	10000.91723
86.6	10000.91704
86.8	10000.91686
87	10000.91668
87.2	10000.91649
87.4	10000.91631
87.6	10000.91613
87.8	10000.91594
88	10000.91576
88.2	10000.91558
88.4	10000.91539
88.6	10000.91521
88.8	10000.91503
89	10000.91485
89.2	10000.91466
89.4	10000.91448
89.6	10000.9143
89.8	10000.91411
90	10000.91393
90.2	10000.91375
90.4	10000.91357
90.6	10000.91338
90.8	10000.9132
91	10000.91302
91.2	10000.91284
91.4	10000.91265
91.6	10000.91247
91.8	10000.91229
92	10000.91211
92.2	10000.91192
92.4	10000.91174
92.6	10000.91156
92.8	10000.91138
93	10000.91119
93.2	10000.91101
93.4	10000.91083
93.6	10000.91065
93.8	10000.91046
94	10000.91028
94.2	10000.9101
94.4	10000.90992
94.6	10000.90974
94.8	10000.90955
95	10000.90937
95.2	10000.90919
95.4	10000.90901
95.6	10000.90883
95.8	10000.90865
96	10000.90846
96.2	10000.90828
96.4	10000.9081
96.6	10000.90792
96.8	10000.90774
97	10000.90756
97.2	10000.90737
97.4	10000.90719
97.6	10000.90701
97.8	10000.90683
98	10000.90665
98.2	10000.90647
98.4	10000.90629
98.6	10000.90611
98.8	10000.90592
99	10000.90574
99.2	10000.90556
99.4	10000.90538
99.6	10000.9052
99.8	10000.90502
100	10000.90484
100.2	10000.90466
100.4	10000.90448
100.6	10000.90429
100.8	10000.90411
101	10000.90393
101.2	10000.90375
101.4	10000.90357
101.6	10000.90339
101.8	10000.90321
102	10000.90303
102.2	10000.90285
102.4	10000.90267
102.6	10000.90249
102.8	10000.90231
103	10000.90213
103.2	10000.90195
103.4	10000.90177
103.6	10000.90159
103.8	10000.90141
104	10000.90123
104.2	10000.90105
104.4	10000.90086
104.6	10000.90068
104.8	10000.9005
105	10000.90032
105.2	10000.90014
105.4	10000.89996
105.6	10000.89978
105.8	10000.8996
106	10000.89942
106.2	10000.89924
106.4	10000.89906
106.6	10000.89889
106.8	10000.89871
107	10000.89853
107.2	10000.89835
107.4	10000.89817
107.6	10000.89799
107.8	10000.89781
108	10000.89763
108.2	10000.89745
108.4	10000.89727
108.6	10000.89709
108.8	10000.89691
109	10000.89673
109.2	10000.89655
109.4	10000.89637
109.6	10000.89619
109.8	10000.89601
110	10000.89583
110.2	10000.89565
110.4	10000.89548
110.6	10000.8953
110.8	10000.89512
111	10000.89494
111.2	10000.89476
111.4	10000.89458
111.6	10000.8944
111.8	10000.89422
112	10000.89404
112.2	10000.89387
112.4	10000.89369
112.6	10000.89351
112.8	10000.89333
113	10000.89315
113.2	10000.89297
113.4	10000.89279
113.6	10000.89261
113.8	10000.89244
114	10000.89226
114.2	10000.89208
114.4	10000.8919
114.6	10000.89172
114.8	10000.89154
115	10000.89137
115.2	10000.89119
115.4	10000.89101
115.6	10000.89083
115.8	10000.89065
116	10000.89048
116.2	10000.8903
116.4	10000.89012
116.6	10000.88994
116.8	10000.88976
117	10000.88959
117.2	10000.88941
117.4	10000.88923
117.6	10000.88905
117.8	10000.88887
118	10000.8887
118.2	10000.88852
118.4	10000.88834
118.6	10000.88816
118.8	10000.88799
119	10000.88781
119.2	10000.88763
119.4	10000.88745
119.6	10000.88728
119.8	10000.8871
120	10000.88692
120.2	10000.88674
120.4	10000.88657
120.6	10000.88639
120.8	10000.88621
121	10000.88603
121.2	10000.88586
121.4	10000.88568
121.6	10000.8855
121.8	10000.88533
122	10000.88515
122.2	10000.88497
122.4	10000.88479
122.6	10000.88462
122.8	10000.88444
123	10000.88426
123.2	10000.88409
123.4	10000.88391
123.6	10000.88373
123.8	10000.88356
124	10000.88338
124.2	10000.8832
124.4	10000.88303
124.6	10000.88285
124.8	10000.88267
125	10000.8825
125.2	10000.88232
125.4	10000.88214
125.6	10000.88197
125.8	10000.88179
126	10000.88161
126.2	10000.88144
126.4	10000.88126
126.6	10000.88109
126.8	10000.88091
127	10000.88073
127.2	10000.88056
127.4	10000.88038
127.6	10000.88021
127.8	10000.88003
128	10000.87985
128.2	10000.87968
128.4	10000.8795
128.6	10000.87933
128.8	10000.87915
129	10000.87897
129.2	10000.8788
129.4	10000.87862
129.6	10000.87845
129.8	10000.87827
130	10000.8781
130.2	10000.87792
130.4	10000.87774
130.6	10000.87757
130.8	10000.87739
131	10000.87722
131.2	10000.87704
131.4	10000.87687
131.6	10000.87669
131.8	10000.87652
132	10000.87634
132.2	10000.87617
132.4	10000.87599
132.6	10000.87582
132.8	10000.87564
133	10000.87547
133.2	10000.87529
133.4	10000.87511
133.6	10000.87494
133.8	10000.87477
134	10000.87459
134.2	10000.87442
134.4	10000.87424
134.6	10000.87407
134.8	10000.87389
135	10000.87372
135.2	10000.87354
135.4	10000.87337
135.6	10000.87319
135.8	10000.87302
136	10000.87284
136.2	10000.87267
136.4	10000.87249
136.6	10000.87232
136.8	10000.87214
137	10000.87197
137.2	10000.8718
137.4	10000.87162
137.6	10000.87145
137.8	10000.87127
138	10000.8711
138.2	10000.87092
138.4	10000.87075
138.6	10000.87058
138.8	10000.8704
139	10000.87023
139.2	10000.87005
139.4	10000.86988
139.6	10000.86971
139.8	10000.86953
140	10000.86936
140.2	10000.86918
140.4	10000.86901
140.6	10000.86884
140.8	10000.86866
141	10000.86849
141.2	10000.86832
141.4	10000.86814
141.6	10000.86797
141.8	10000.86779
142	10000.86762
142.2	10000.86745
142.4	10000.86727
142.6	10000.8671
142.8	10000.86693
143	10000.86675
143.2	10000.86658
143.4	10000.86641
143.6	10000.86623
143.8	10000.86606
144	10000.86589
144.2	10000.86571
144.4	10000.86554
144.6	10000.86537
144.8	10000.8652
145	10000.86502
145.2	10000.86485
145.4	10000.86468
145.6	10000.8645
145.8	10000.86433
146	10000.86416
146.2	10000.86398
146.4	10000.86381
146.6	10000.86364
146.8	10000.86347
147	10000.86329
147.2	10000.86312
147.4	10000.86295
147.6	10000.86278
147.8	10000.8626
148	10000.86243
148.2	10000.86226
148.4	10000.86209
148.6	10000.86191
148.8	10000.86174
149	10000.86157
149.2	10000.8614
149.4	10000.86122
149.6	10000.86105
149.8	10000.86088
150	10000.86071
150.2	10000.86054
150.4	10000.86036
150.6	10000.86019
150.8	10000.86002
151	10000.85985
151.2	10000.85968
151.4	10000.8595
151.6	10000.85933
151.8	10000.85916
152	10000.85899
152.2	10000.85882
152.4	10000.85864
152.6	10000.85847
152.8	10000.8583
153	10000.85813
153.2	10000.85796
153.4	10000.85779
153.6	10000.85761
153.8	10000.85744
154	10000.85727
154.2	10000.8571
154.4	10000.85693
154.6	10000.85676
154.8	10000.85659
155	10000.85642
155.2	10000.85624
155.4	10000.85607
155.6	10000.8559
155.8	10000.85573
156	10000.85556
156.2	10000.85539
156.4	10000.85522
156.6	10000.85505
156.8	10000.85488
157	10000.8547
157.2	10000.85453
157.4	10000.85436
157.6	10000.85419
157.8	10000.85402
158	10000.85385
158.2	10000.85368
158.4	10000.85351
158.6	10000.85334
158.8	10000.85317
159	10000.853
159.2	10000.85283
159.4	10000.85266
159.6	10000.85248
159.8	10000.85231
160	10000.85214
160.2	10000.85197
160.4	10000.8518
160.6	10000.85163
160.8	10000.85146
161	10000.85129
161.2	10000.85112
161.4	10000.85095
161.6	10000.85078
161.8	10000.85061
162	10000.85044
162.2	10000.85027
162.4	10000.8501
162.6	10000.84993
162.8	10000.84976
163	10000.84959
163.2	10000.84942
163.4	10000.84925
163.6	10000.84908
163.8	10000.84891
164	10000.84874
164.2	10000.84857
164.4	10000.8484
164.6	10000.84823
164.8	10000.84806
165	10000.84789
165.2	10000.84772
165.4	10000.84755
165.6	10000.84739
165.8	10000.84722
166	10000.84705
166.2	10000.84688
166.4	10000.84671
166.6	10000.84654
166.8	10000.84637
167	10000.8462
167.2	10000.84603
167.4	10000.84586
167.6	10000.84569
167.8	10000.84552
168	10000.84535
168.2	10000.84518
168.4	10000.84502
168.6	10000.84485
168.8	10000.84468
169	10000.84451
169.2	10000.84434
169.4	10000.84417
169.6	10000.844
169.8	10000.84383
170	10000.84366
170.2	10000.8435
170.4	10000.84333
170.6	10000.84316
170.8	10000.84299
171	10000.84282
171.2	10000.84265
171.4	10000.84248
171.6	10000.84232
171.8	10000.84215
172	10000.84198
172.2	10000.84181
172.4	10000.84164
172.6	10000.84147
172.8	10000.84131
173	10000.84114
173.2	10000.84097
173.4	10000.8408
173.6	10000.84063
173.8	10000.84046
174	10000.8403
174.2	10000.84013
174.4	10000.83996
174.6	10000.83979
174.8	10000.83962
175	10000.83946
175.2	10000.83929
175.4	10000.83912
175.6	10000.83895
175.8	10000.83879
176	10000.83862
176.2	10000.83845
176.4	10000.83828
176.6	10000.83811
176.8	10000.83795
177	10000.83778
177.2	10000.83761
177.4	10000.83744
177.6	10000.83728
177.8	10000.83711
178	10000.83694
178.2	10000.83678
178.4	10000.83661
178.6	10000.83644
178.8	10000.83627
179	10000.83611
179.2	10000.83594
179.4	10000.83577
179.6	10000.8356
179.8	10000.83544
180	10000.83527
180.2	10000.8351
180.4	10000.83494
180.6	10000.83477
180.8	10000.8346
181	10000.83444
181.2	10000.83427
181.4	10000.8341
181.6	10000.83393
181.8	10000.83377
182	10000.8336
182.2	10000.83343
182.4	10000.83327
182.6	10000.8331
182.8	10000.83293
183	10000.83277
183.2	10000.8326
183.4	10000.83244
183.6	10000.83227
183.8	10000.8321
184	10000.83194
184.2	10000.83177
184.4	10000.8316
184.6	10000.83144
184.8	10000.83127
185	10000.8311
185.2	10000.83094
185.4	10000.83077
185.6	10000.83061
185.8	10000.83044
186	10000.83027
186.2	10000.83011
186.4	10000.82994
186.6	10000.82978
186.8	10000.82961
187	10000.82944
187.2	10000.82928
187.4	10000.82911
187.6	10000.82895
187.8	10000.82878
188	10000.82861
188.2	10000.82845
188.4	10000.82828
188.6	10000.82812
188.8	10000.82795
189	10000.82779
189.2	10000.82762
189.4	10000.82746
189.6	10000.82729
189.8	10000.82712
190	10000.82696
190.2	10000.82679
190.4	10000.82663
190.6	10000.82646
190.8	10000.8263
191	10000.82613
191.2	10000.82597
191.4	10000.8258
191.6	10000.82564
191.8	10000.82547
192	10000.82531
192.2	10000.82514
192.4	10000.82498
192.6	10000.82481
192.8	10000.82465
193	10000.82448
193.2	10000.82432
193.4	10000.82415
193.6	10000.82399
193.8	10000.82382
194	10000.82366
194.2	10000.82349
194.4	10000.82333
194.6	10000.82316
194.8	10000.823
195	10000.82283
195.2	10000.82267
195.4	10000.82251
195.6	10000.82234
195.8	10000.82218
196	10000.82201
196.2	10000.82185
196.4	10000.82168
196.6	10000.82152
196.8	10000.82135
197	10000.82119
197.2	10000.82103
197.4	10000.82086
197.6	10000.8207
197.8	10000.82053
198	10000.82037
198.2	10000.82021
198.4	10000.82004
198.6	10000.81988
198.8	10000.81971
199	10000.81955
199.2	10000.81939
199.4	10000.81922
199.6	10000.81906
199.8	10000.81889
200	10000.81873
200.2	10000.81857
200.4	10000.8184
200.6	10000.81824
200.8	10000.81808
201	10000.81791
201.2	10000.81775
201.4	10000.81759
201.6	10000.81742
201.8	10000.81726
202	10000.81709
202.2	10000.81693
202.4	10000.81677
202.6	10000.8166
202.8	10000.81644
203	10000.81628
203.2	10000.81612
203.4	10000.81595
203.6	10000.81579
203.8	10000.81563
204	10000.81546
204.2	10000.8153
204.4	10000.81514
204.6	10000.81497
204.8	10000.81481
205	10000.81465
205.2	10000.81448
205.4	10000.81432
205.6	10000.81416
205.8	10000.814
206	10000.81383
206.2	10000.81367
206.4	10000.81351
206.6	10000.81334
206.8	10000.81318
207	10000.81302
207.2	10000.81286
207.4	10000.81269
207.6	10000.81253
207.8	10000.81237
208	10000.81221
208.2	10000.81204
208.4	10000.81188
208.6	10000.81172
208.8	10000.81156
209	10000.8114
209.2	10000.81123
209.4	10000.81107
209.6	10000.81091
209.8	10000.81075
210	10000.81058
210.2	10000.81042
210.4	10000.81026
210.6	10000.8101
210.8	10000.80994
211	10000.80977
211.2	10000.80961
211.4	10000.80945
211.6	10000.80929
211.8	10000.80913
212	10000.80896
212.2	10000.8088
212.4	10000.80864
212.6	10000.80848
212.8	10000.80832
213	10000.80816
213.2	10000.80799
213.4	10000.80783
213.6	10000.80767
213.8	10000.80751
214	10000.80735
214.2	10000.80719
214.4	10000.80703
214.6	10000.80686
214.8	10000.8067
215	10000.80654
215.2	10000.80638
215.4	10000.80622
215.6	10000.80606
215.8	10000.8059
216	10000.80574
216.2	10000.80557
216.4	10000.80541
216.6	10000.80525
216.8	10000.80509
217	10000.80493
217.2	10000.80477
217.4	10000.80461
217.6	10000.80445
217.8	10000.80429
218	10000.80413
218.2	10000.80396
218.4	10000.8038
218.6	10000.80364
218.8	10000.80348
219	10000.80332
219.2	10000.80316
219.4	10000.803
219.6	10000.80284
219.8	10000.80268
220	10000.80252
220.2	10000.80236
220.4	10000.8022
220.6	10000.80204
220.8	10000.80188
221	10000.80172
221.2	10000.80156
221.4	10000.8014
221.6	10000.80124
221.8	10000.80108
222	10000.80092
222.2	10000.80076
222.4	10000.8006
222.6	10000.80043
222.8	10000.80027
223	10000.80011
223.2	10000.79995
223.4	10000.79979
223.6	10000.79963
223.8	10000.79948
224	10000.79932
224.2	10000.79916
224.4	10000.799
224.6	10000.79884
224.8	10000.79868
225	10000.79852
225.2	10000.79836
225.4	10000.7982
225.6	10000.79804
225.8	10000.79788
226	10000.79772
226.2	10000.79756
226.4	10000.7974
226.6	10000.79724
226.8	10000.79708
227	10000.79692
227.2	10000.79676
227.4	10000.7966
227.6	10000.79644
227.8	10000.79628
228	10000.79612
228.2	10000.79597
228.4	10000.79581
228.6	10000.79565
228.8	10000.79549
229	10000.79533
229.2	10000.79517
229.4	10000.79501
229.6	10000.79485
229.8	10000.79469
230	10000.79453
230.2	10000.79437
230.4	10000.79422
230.6	10000.79406
230.8	10000.7939
231	10000.79374
231.2	10000.79358
231.4	10000.79342
231.6	10000.79326
231.8	10000.7931
232	10000.79295
232.2	10000.79279
232.4	10000.79263
232.6	10000.79247
232.8	10000.79231
233	10000.79215
233.2	10000.792
233.4	10000.79184
233.6	10000.79168
233.8	10000.79152
234	10000.79136
234.2	10000.7912
234.4	10000.79105
234.6	10000.79089
234.8	10000.79073
235	10000.79057
235.2	10000.79041
235.4	10000.79025
235.6	10000.7901
235.8	10000.78994
236	10000.78978
236.2	10000.78962
236.4	10000.78946
236.6	10000.78931
236.8	10000.78915
237	10000.78899
237.2	10000.78883
237.4	10000.78868
237.6	10000.78852
237.8	10000.78836
238	10000.7882
238.2	10000.78805
238.4	10000.78789
238.6	10000.78773
238.8	10000.78757
239	10000.78741
239.2	10000.78726
239.4	10000.7871
239.6	10000.78694
239.8	10000.78679
240	10000.78663
240.2	10000.78647
240.4	10000.78631
240.6	10000.78616
240.8	10000.786
241	10000.78584
241.2	10000.78568
241.4	10000.78553
241.6	10000.78537
241.8	10000.78521
242	10000.78506
242.2	10000.7849
242.4	10000.78474
242.6	10000.78459
242.8	10000.78443
243	10000.78427
243.2	10000.78411
243.4	10000.78396
243.6	10000.7838
243.8	10000.78364
244	10000.78349
244.2	10000.78333
244.4	10000.78317
244.6	10000.78302
244.8	10000.78286
245	10000.7827
245.2	10000.78255
245.4	10000.78239
245.6	10000.78224
245.8	10000.78208
246	10000.78192
246.2	10000.78177
246.4	10000.78161
246.6	10000.78145
246.8	10000.7813
247	10000.78114
247.2	10000.78098
247.4	10000.78083
247.6	10000.78067
247.8	10000.78052
248	10000.78036
248.2	10000.7802
248.4	10000.78005
248.6	10000.77989
248.8	10000.77974
249	10000.77958
249.2	10000.77942
249.4	10000.77927
249.6	10000.77911
249.8	10000.77896
250	10000.7788
250.2	10000.77865
250.4	10000.77849
250.6	10000.77833
250.8	10000.77818
251	10000.77802
251.2	10000.77787
251.4	10000.77771
251.6	10000.77756
251.8	10000.7774
252	10000.77724
252.2	10000.77709
252.4	10000.77693
252.6	10000.77678
252.8	10000.77662
253	10000.77647
253.2	10000.77631
253.4	10000.77616
253.6	10000.776
253.8	10000.77585
254	10000.77569
254.2	10000.77554
254.4	10000.77538
254.6	10000.77523
254.8	10000.77507
255	10000.77492
255.2	10000.77476
255.4	10000.77461
255.6	10000.77445
255.8	10000.7743
256	10000.77414
256.2	10000.77399
256.4	10000.77383
256.6	10000.77368
256.8	10000.77352
257	10000.77337
257.2	10000.77321
257.4	10000.77306
257.6	10000.7729
257.8	10000.77275
258	10000.7726
258.2	10000.77244
258.4	10000.77229
258.6	10000.77213
258.8	10000.77198
259	10000.77182
259.2	10000.77167
259.4	10000.77151
259.6	10000.77136
259.8	10000.77121
260	10000.77105
260.2	10000.7709
260.4	10000.77074
260.6	10000.77059
260.8	10000.77043
261	10000.77028
261.2	10000.77013
261.4	10000.76997
261.6	10000.76982
261.8	10000.76966
262	10000.76951
262.2	10000.76936
262.4	10000.7692
262.6	10000.76905
262.8	10000.7689
263	10000.76874
263.2	10000.76859
263.4	10000.76843
263.6	10000.76828
263.8	10000.76813
264	10000.76797
264.2	10000.76782
264.4	10000.76767
264.6	10000.76751
264.8	10000.76736
265	10000.76721
265.2	10000.76705
265.4	10000.7669
265.6	10000.76675
265.8	10000.76659
266	10000.76644
266.2	10000.76629
266.4	10000.76613
266.6	10000.76598
266.8	10000.76583
267	10000.76567
267.2	10000.76552
267.4	10000.76537
267.6	10000.76521
267.8	10000.76506
268	10000.76491
268.2	10000.76475
268.4	10000.7646
268.6	10000.76445
268.8	10000.7643
269	10000.76414
269.2	10000.76399
269.4	10000.76384
269.6	10000.76368
269.8	10000.76353
270	10000.76338
270.2	10000.76323
270.4	10000.76307
270.6	10000.76292
270.8	10000.76277
271	10000.76262
271.2	10000.76246
271.4	10000.76231
271.6	10000.76216
271.8	10000.76201
272	10000.76185
272.2	10000.7617
272.4	10000.76155
272.6	10000.7614
272.8	10000.76125
273	10000.76109
273.2	10000.76094
273.4	10000.76079
273.6	10000.76064
273.8	10000.76048
274	10000.76033
274.2	10000.76018
274.4	10000.76003
274.6	10000.75988
274.8	10000.75972
275	10000.75957
275.2	10000.75942
275.4	10000.75927
275.6	10000.75912
275.8	10000.75896
276	10000.75881
276.2	10000.75866
276.4	10000.75851
276.6	10000.75836
276.8	10000.75821
277	10000.75805
277.2	10000.7579
277.4	10000.75775
277.6	10000.7576
277.8	10000.75745
278	10000.7573
278.2	10000.75715
278.4	10000.75699
278.6	10000.75684
278.8	10000.75669
279	10000.75654
279.2	10000.75639
279.4	10000.75624
279.6	10000.75609
279.8	10000.75593
280	10000.75578
280.2	10000.75563
280.4	10000.75548
280.6	10000.75533
280.8	10000.75518
281	10000.75503
281.2	10000.75488
281.4	10000.75473
281.6	10000.75458
281.8	10000.75442
282	10000.75427
282.2	10000.75412
282.4	10000.75397
282.6	10000.75382
282.8	10000.75367
283	10000.75352
283.2	10000.75337
283.4	10000.75322
283.6	10000.75307
283.8	10000.75292
284	10000.75277
284.2	10000.75262
284.4	10000.75247
284.6	10000.75232
284.8	10000.75216
285	10000.75201
285.2	10000.75186
285.4	10000.75171
285.6	10000.75156
285.8	10000.75141
286	10000.75126
286.2	10000.75111
286.4	10000.75096
286.6	10000.75081
286.8	10000.75066
287	10000.75051
287.2	10000.75036
287.4	10000.75021
287.6	10000.75006
287.8	10000.74991
288	10000.74976
288.2	10000.74961
288.4	10000.74946
288.6	10000.74931
288.8	10000.74916
289	10000.74901
289.2	10000.74886
289.4	10000.74871
289.6	10000.74856
289.8	10000.74841
290	10000.74826
290.2	10000.74811
290.4	10000.74796
290.6	10000.74781
290.8	10000.74767
291	10000.74752
291.2	10000.74737
291.4	10000.74722
291.6	10000.74707
291.8	10000.74692
292	10000.74677
292.2	10000.74662
292.4	10000.74647
292.6	10000.74632
292.8	10000.74617
293	10000.74602
293.2	10000.74587
293.4	10000.74572
293.6	10000.74557
293.8	10000.74543
294	10000.74528
294.2	10000.74513
294.4	10000.74498
294.6	10000.74483
294.8	10000.74468
295	10000.74453
295.2	10000.74438
295.4	10000.74423
295.6	10000.74409
295.8	10000.74394
296	10000.74379
296.2	10000.74364
296.4	10000.74349
296.6	10000.74334
296.8	10000.74319
297	10000.74304
297.2	10000.7429
297.4	10000.74275
297.6	10000.7426
297.8	10000.74245
298	10000.7423
298.2	10000.74215
298.4	10000.742
298.6	10000.74186
298.8	10000.74171
299	10000.74156
299.2	10000.74141
299.4	10000.74126
299.6	10000.74111
299.8	10000.74097
300	10000.74082
