Temperature [°C],"[10.44, 18.01, 25.78, 33.03, 40.66]"
pO2 [hPa],"[0.0, 0.28, 0.47, 0.95, 1.42, 1.89, 3.79, 5.68, 7.58, 9.47]"
I-ratio,"           0          1         2         3         4
0   4.547758   3.175197  2.189335  1.887469  1.536660
1   4.366296   3.004818  2.421118  1.674997  1.805121
2   4.488267   3.224545  2.641138  1.825502  1.756104
3   5.013457   3.667072  3.087199  2.144875  2.014682
4   5.577650   4.147734  3.508333  2.498000  2.357323
5   6.250479   4.616331  3.902768  2.849537  2.616885
6   8.495504   6.463667  5.136092  4.113140  4.034642
7  11.016394   8.670134  6.099225  5.637649  5.552733
8  13.812337  10.942772  6.853060  7.476843  7.406337
9  14.470240  11.956219  7.103763  8.546332  7.088485"
I0 / I-ratio,"          0         1         2         3         4
0  1.000000  1.000000  1.000000  1.000000  1.000000
1  1.041560  1.056702  0.904266  1.126849  0.851278
2  1.013255  0.984696  0.828936  1.033945  0.875039
3  0.907110  0.865867  0.709165  0.879990  0.762731
4  0.815354  0.765526  0.624039  0.755592  0.651867
5  0.727586  0.687818  0.560970  0.662377  0.587210
6  0.535314  0.491238  0.426265  0.458888  0.380867
7  0.412817  0.366222  0.358953  0.334797  0.276739
8  0.329253  0.290164  0.319468  0.252442  0.207479
9  0.314284  0.265569  0.308194  0.220851  0.216783"
tauP [ms],"        0      1       2      3      4
0  5.2300  5.455  5.1685  4.336  4.102
1  4.9970  4.893  4.4680  3.888  3.639
2  4.7240  4.489  4.1040  3.414  3.330
3  4.1670  3.977  3.4600  3.072  2.974
4  3.7620  3.537  3.0595  2.719  2.620
5  3.3910  3.213  2.7640  2.473  2.338
6  2.7460  2.613  2.0450  1.941  1.936
7  2.3340  2.200  1.7410  1.704  1.651
8  2.1635  2.020  1.3860  1.615  1.543
9  2.4140  3.220  1.1080  1.978  1.385"
tau0 / tauP,"          0         1         2         3         4
0  1.000000  1.000000  1.000000  1.000000  1.000000
1  1.046628  1.114858  1.156782  1.115226  1.127388
2  1.107113  1.215193  1.259381  1.270250  1.232017
3  1.255100  1.371809  1.493786  1.411458  1.379519
4  1.390218  1.542486  1.689328  1.594704  1.565948
5  1.542318  1.697790  1.870273  1.753691  1.754866
6  1.904588  2.088038  2.527384  2.233900  2.118802
7  2.240788  2.480109  2.969549  2.544601  2.485307
8  2.417379  2.700495  3.729076  2.684830  2.658458
9  2.166529  1.694362  4.664711  2.192113  2.962802"
