Temperature [°C],"[5.0, 7.5, 10.0, 15.0, 20.0, 25.0, 30.0, 35.0]"
pO2 [hPa],"[0, 1, 2, 3, 4, 5, 6, 7, 8]"
I-ratio,"        5.0        7.5        10.0       15.0       20.0       25.0  \
0   9.365469   8.839260   8.313112   7.261045   6.209407   5.158437   
1  10.565399  10.010641   9.455813   8.345874   7.235381   6.123946   
2  11.952241  11.358796  10.765211   9.577496   8.388732   7.198251   
3  13.525996  12.883724  12.241306  10.955909   9.669459   8.381351   
4  15.286663  14.585425  13.884098  12.481114  11.077562   9.673245   
5  17.234242  16.463900  15.693587  14.153112  12.613042  11.073934   
6  19.368733  18.519148  17.669772  15.971901  14.275898  12.583418   
7  21.690137  20.751169  19.812654  17.937483  16.066131  14.201697   
8  24.198454  23.159964  22.122233  20.049856  17.983740  15.928771   

        30.0       35.0  
0   4.108591   3.060898  
1   5.010742   3.893632  
2   6.004696   4.804821  
3   7.090453   5.794465  
4   8.268014   6.862563  
5   9.537377   8.009117  
6  10.898543   9.234125  
7  12.351511  10.537589  
8  13.896283  11.919507  "
I0 / I-ratio,"       5.0       7.5       10.0      15.0      20.0      25.0      30.0  \
0  1.000000  1.000000  1.000000  1.000000  1.000000  1.000000  1.000000   
1  0.886428  0.882986  0.879154  0.870016  0.858200  0.842339  0.819957   
2  0.783574  0.778186  0.772220  0.758136  0.740208  0.716624  0.684230   
3  0.692405  0.686080  0.679103  0.662751  0.642167  0.615466  0.579454   
4  0.612656  0.606034  0.598751  0.581763  0.560539  0.533268  0.496926   
5  0.543422  0.536887  0.529714  0.513035  0.492300  0.465818  0.430788   
6  0.483535  0.477304  0.470471  0.454614  0.434957  0.409939  0.376985   
7  0.431785  0.425964  0.419586  0.404797  0.386490  0.363227  0.332639   
8  0.387028  0.381661  0.375781  0.362149  0.345279  0.323844  0.295661   

       35.0  
0  1.000000  
1  0.786129  
2  0.637047  
3  0.528245  
4  0.446028  
5  0.382177  
6  0.331477  
7  0.290474  
8  0.256797  "
tauP [ms],"       5.0       7.5       10.0      15.0      20.0      25.0      30.0  \
0  5.453146  5.345323  5.237834  5.023954  4.811731  4.601427  4.393352   
1  4.397288  4.277726  4.157953  3.917707  3.676404  3.433877  3.189936   
2  3.776987  3.659058  3.541089  3.305048  3.068913  2.832766  2.596738   
3  3.384948  3.271659  3.158492  2.932597  2.707419  2.483168  2.260119   
4  3.130816  3.022500  2.914380  2.698815  2.484309  2.271104  2.059504   
5  2.969991  2.866280  2.762757  2.556352  2.350943  2.146746  1.944026   
6  2.879247  2.779690  2.680246  2.481740  2.283836  2.086673  1.890422   
7  2.847051  2.751365  2.655657  2.464179  2.272612  2.080966  1.889246   
8  2.869572  2.777814  2.685856  2.501266  2.315627  2.128729  1.940300   

       35.0  
0  4.187863  
1  2.944381  
2  2.361040  
3  2.038646  
4  1.849904  
5  1.743122  
6  1.695303  
7  1.697463  
8  1.749992  "
tau0 / tauP,"       5.0       7.5       10.0      15.0      20.0      25.0      30.0  \
0  0.988134  0.986776  0.985429  0.982788  0.980267  0.977935  0.975887   
1  0.796808  0.789692  0.782264  0.766384  0.748973  0.729797  0.708575   
2  0.684407  0.675482  0.666209  0.646535  0.625212  0.602044  0.576809   
3  0.613368  0.603966  0.594228  0.573676  0.551567  0.527744  0.502036   
4  0.567318  0.557970  0.548302  0.527944  0.506114  0.482674  0.457474   
5  0.538176  0.529131  0.519776  0.500075  0.478944  0.456245  0.431823   
6  0.521732  0.513146  0.504253  0.485479  0.465273  0.443478  0.419916   
7  0.515898  0.507917  0.499627  0.482044  0.462986  0.442265  0.419655   
8  0.519979  0.512800  0.505308  0.489299  0.471750  0.452416  0.430995   

       35.0  
0  0.974248  
1  0.684969  
2  0.549263  
3  0.474262  
4  0.430354  
5  0.405513  
6  0.394389  
7  0.394891  
8  0.407111  "
