Temperature [°C],"[6.242691001853011, 15.300018658595905, 20.057919249513564]"
pO2 [hPa],[ 0.      1.9885  9.9425 19.885  39.77   59.655  79.54   99.425 ]
I-ratio,"          0         1         2
0  2.028314  1.371844  1.178557
1  2.007048  1.362228  1.167023
2  3.078642  2.396996  2.127039
3  3.833576  3.093119  2.806856
4  4.908009  4.034091  3.691261
5  5.578655  4.379837  4.606175
6  6.049674  3.640342  4.456935
7  6.138996  3.693478  5.002575"
I0 / I-ratio,"          0         1         2
0  1.000000  1.000000  1.000000
1  1.010595  1.007059  1.009883
2  0.658834  0.572318  0.554083
3  0.529092  0.443515  0.419885
4  0.413266  0.340063  0.319283
5  0.363585  0.313218  0.255865
6  0.335277  0.376845  0.264432
7  0.330398  0.371423  0.235590"
tauP [ms],"          0         1         2
0  6.965356  6.889143  6.580891
1  7.068722  6.923415  6.632685
2  4.347116  3.692105  3.480895
3  3.355201  2.760848  2.541415
4  2.331050  1.835650  1.695507
5  1.859674  1.350879  1.515226
6  1.591071  0.865682  1.087478
7  1.326410  0.751047  1.024609"
tau0 / tauP,"          0         1         2
0  1.000000  1.000000  1.000000
1  0.985377  0.995050  0.992191
2  1.602294  1.865912  1.890575
3  2.075988  2.495300  2.589460
4  2.988077  3.752972  3.881372
5  3.745471  5.099750  4.343176
6  4.377777  7.958051  6.051516
7  5.251284  9.172720  6.422833"
